grid_res=512
xmin=-1328754.4619924538
ymin=2777084.7873416543
xmax=-1328242.4619924538
ymax=2777596.7873416543
cell_w=1.0
cell_h=1.0
width_m=512.0
height_m=512.0
