grid_res=512
xmin=-1329869.4144665268
ymin=2778532.258242203
xmax=-1328871.4221162947
ymax=2779518.786992966
cell_w=1.9492038090470487
cell_h=1.926813966334521
width_m=997.9923502320889
height_m=986.5287507632747
