sim_extent_m=512.0
centroid_lat=46.89879462297175
centroid_lon=-113.46988707264549
epsg5070_cx=-1329372.0376895317
epsg5070_cy=2779023.5936977584
epsg5070_xmin=-1329628.0376895317
epsg5070_ymin=2778767.5936977584
epsg5070_xmax=-1329116.0376895317
epsg5070_ymax=2779279.5936977584
latlon_S=46.8960981819155
latlon_W=-113.47378762065635
latlon_N=46.90149103511025
latlon_E=-113.46598674441329
hm_size_px=256
hm_zoom=15
hm_norm=smart
hm_min_m=1298.950439453125
hm_max_m=1397.916259765625
hm_span_m=98.9658203125
