grid_res=512
xmin=-1329628.0376895317
ymin=2778767.5936977584
xmax=-1329116.0376895317
ymax=2779279.5936977584
cell_w=1.0
cell_h=1.0
width_m=512.0
height_m=512.0
