grid_res=256
xmin=-1329631.538291411
ymin=2778764.4026175844
xmax=-1329109.2982914108
ymax=2779286.6426175847
cell_w=2.040000000000873
cell_h=2.040000000000873
width_m=522.2400000002235
height_m=522.2400000002235
prerotation_deg=0.0
sim_extent=512.0
