sim_extent_m=512.0
centroid_lat=46.885290660823316
centroid_lon=-113.45464732504826
epsg5070_cx=-1328498.4619924538
epsg5070_cy=2777340.7873416543
epsg5070_xmin=-1328754.4619924538
epsg5070_ymin=2777084.7873416543
epsg5070_xmax=-1328242.4619924538
epsg5070_ymax=2777596.7873416543
latlon_S=46.88259463279731
latlon_W=-113.45854664213229
latlon_N=46.88798665986688
latlon_E=-113.4507482276797
hm_size_px=256
hm_zoom=15
hm_norm=smart
hm_min_m=1256.6588134765625
hm_max_m=1291.4625244140625
hm_span_m=34.8037109375
