grid_res=256
xmin=-1329869.4144665268
ymin=2778532.258242203
xmax=-1328871.4221162947
ymax=2779518.786992966
cell_w=3.8984076180940974
cell_h=3.853627932669042
width_m=997.9923502320889
height_m=986.5287507632747
